input
{
N=300
x=10.000000000000
NE=1
mg=0.000000000000
gauss=1
}