input
{
N=40
x=100.000000000000
NE=5
mg=0.000000000000
gauss=0
}