input
{
N=280
x=850.000000000000
NE=5
mg=0.250000000000
gauss=1
}