input
{
N=100
x=200.000000000000
NE=5
mg=0.250000000000
gauss=1
}