input
{
N=200
x=10.000000000000
NE=3
mg=0.000000000000
gauss=1
}